4294967278,20
4294967278,21
4294967279,261
4294967278,518
4294967279,258
4294967278,517
4294967279,336
4294967278,516
4294967278,23
4294967278,22
4294967279,335
4294967278,515
4294967279,334
4294967278,256
4294967278,25
4294967278,24
4294967279,333
4294967278,514
4294967278,513
4294967278,28
4294967278,27
4294967278,26
4294967279,332
4294967278,255
4294967278,512
4294967278,31
4294967278,30
4294967278,29
4294967279,331
4294967294,430
4294967278,254
4294967294,120
4294967294,187
4294967294,479
4294967278,252
4294967278,319
4294967278,318
4294967278,34
4294967278,32
4294967278,251
4294967279,330
4294967278,248
4294967278,36
4294967278,35
4294967278,33
4294967279,329
4294967278,247
4294967278,244
4294967278,243
4294967278,240
4294967278,239
4294967279,328
4294967278,317
4294967279,18
4294967279,17
4294967279,15
4294967279,14
4294967279,12
4294967279,11
4294967279,327
4294967294,1035
4294967278,235
4294967278,233
4294967278,230
4294967294,390
4294967294,478
4294967294,1052
4294967278,228
4294967278,229
4294967278,226
4294967278,222
4294967278,216
12,6
4294967278,220
12,5
12,4
4294967278,218
12,3
12,2
12,1
4294967278,217
4294967294,41
4294967294,39
4294967294,422
4294967294,97
4294967294,91
4294967294,43
4294967294,44
4294967294,90
4294967294,87
4294967294,45
4294967294,86
4294967294,441
4294967294,84
4294967294,99
4294967294,51
4294967294,53
4294967294,397
4294967294,400
4294967294,386
4294967294,421
4294967294,1082
4294967294,407
4294967294,416
4294967294,535
4294967294,1081
4294967294,167
4294967294,183
4294967294,398
4294967294,406
4294967294,116
4294967294,119
4294967294,191
4294967294,467
4294967294,180
4294967294,468
4294967294,477
4294967278,212
4294967294,195
4294967294,1033
4294967294,199
4294967294,197
4294967278,316
11,7
11,0
4294967278,315
4294967279,326
4294967278,314
4294967279,325
4294967278,209
11,5
11,4
4294967278,208
11,2
11,1
4294967278,206
4294967278,313
4294967279,324
4294967278,312
4294967278,311
4294967278,310
4294967279,323
4294967278,203
4294967294,1085
4294967279,322
4294967278,309
4294967279,321
4294967278,308
4294967279,320
4294967278,199
4294967294,393
4294967294,476
4294967294,1083
4294967294,1053
4294967278,198
4294967278,307
4294967279,319
4294967278,197
4294967278,195
10,5
4294967278,194
10,4
10,3
10,2
10,1
4294967279,318
4294967278,193
4294967279,317
4294967278,306
4294967278,260
4294967279,316
4294967278,190
9,5
9,4
4294967278,189
9,2
9,1
4294967278,187
4294967278,305
4294967279,315
4294967278,304
4294967278,303
4294967279,314
4294967278,185
4294967279,313
4294967294,89
4294967278,302
4294967279,312
4294967294,202
4294967278,301
4294967279,311
4294967278,181
4294967294,475
4294967278,180
4294967278,300
4294967279,310
4294967278,179
4294967278,177
8,5
4294967278,176
8,4
8,3
8,2
8,1
4294967279,309
4294967278,175
4294967279,308
4294967279,260
4294967279,0
4294967294,392
4294967294,46
4294967294,389
4294967294,114
4294967278,299
4294967279,307
4294967278,298
4294967279,306
4294967278,170
4294967294,474
4294967278,169
4294967278,297
4294967279,305
4294967278,168
4294967279,304
4294967278,296
7,5
4294967278,165
7,4
7,2
7,1
4294967279,303
4294967278,164
4294967278,295
4294967279,302
4294967278,294
6,5
4294967278,160
6,4
6,2
6,1
4294967278,159
4294967279,301
4294967278,293
4294967279,300
4294967278,157
4294967279,299
4294967278,154
4294967294,94
4294967294,96
4294967278,153
4294967279,298
4294967278,152
4294967294,8
0,7
4294967278,292
4294967278,0
4294967279,297
4294967294,473
4294967279,296
4294967294,186
4294967294,1039
4294967294,30
4294967294,61
4294967294,81
4294967294,11
4294967294,7
4294967294,6
4294967294,17
4294967294,76
4294967294,9
0,5
4294967294,107
4294967294,67
4294967294,42
4294967294,1
4294967294,165
4294967294,166
4294967294,472
4294967294,2
4294967294,0
4294967294,470
4294967294,92
4294967294,88
4294967294,85
4294967294,29
4294967294,1086
4294967294,28
4294967294,27
4294967294,395
4294967294,24
4294967294,426
4294967279,295
4294967294,22
4294967278,132
4294967278,131
4294967278,130
4294967278,129
4294967278,128
4294967278,127
4294967278,126
4294967278,125
4294967278,124
4294967278,123
4294967278,122
4294967278,121
4294967278,120
4294967278,119
4294967278,118
4294967278,117
4294967278,116
4294967278,115
4294967278,114
4294967278,113
4294967278,112
4294967278,111
4294967278,110
4294967278,109
4294967278,108
4294967278,107
4294967278,106
4294967278,105
4294967278,104
4294967278,103
4294967278,102
4294967278,101
4294967278,100
4294967278,99
4294967278,98
4294967278,97
4294967278,96
4294967278,95
4294967278,94
